1.35947e-16
1.66046e-16
2.0281e-16
2.47712e-16
3.02556e-16
3.69543e-16
4.51361e-16
5.51294e-16
6.73352e-16
8.22433e-16
1.00452e-15
1.22693e-15
1.49857e-15
1.83036e-15
2.23561e-15
2.73058e-15
3.33513e-15
4.07354e-15
4.97543e-15
6.07701e-15
7.42247e-15
9.06583e-15
1.1073e-14
1.35246e-14
1.6519e-14
2.01764e-14
2.46435e-14
3.00996e-14
3.67637e-14
4.49033e-14
5.48451e-14
6.69879e-14
8.18192e-14
9.99342e-14
1.2206e-13
1.49084e-13
1.82092e-13
2.22408e-13
2.71649e-13
3.31793e-13
4.05253e-13
4.94977e-13
6.04567e-13
7.3842e-13
9.01908e-13
1.10159e-12
1.34549e-12
1.64338e-12
2.00723e-12
2.45164e-12
2.99444e-12
3.65742e-12
4.46718e-12
5.45622e-12
6.66425e-12
8.13973e-12
9.94189e-12
1.21431e-11
1.48316e-11
1.81153e-11
2.21261e-11
2.70249e-11
3.30082e-11
4.03163e-11
4.92425e-11
6.01449e-11
7.34612e-11
8.97257e-11
1.09591e-10
1.33855e-10
1.63491e-10
1.99688e-10
2.439e-10
2.979e-10
3.63856e-10
4.44414e-10
5.42809e-10
6.62988e-10
8.09775e-10
9.89062e-10
1.20804e-09
1.47551e-09
1.80219e-09
2.2012e-09
2.68855e-09
3.2838e-09
4.01084e-09
4.89886e-09
5.98348e-09
7.30823e-09
8.9263e-09
1.09026e-08
1.33165e-08
1.62648e-08
1.98658e-08
2.42642e-08
2.96364e-08
3.61979e-08
4.42122e-08
5.4001e-08
6.59569e-08
8.056e-08
9.83962e-08
1.20181e-07
1.4679e-07
1.79289e-07
2.18985e-07
2.67468e-07
3.26687e-07
3.99016e-07
4.87359e-07
5.95262e-07
7.27055e-07
8.88027e-07
1.08464e-06
1.32478e-06
1.61809e-06
1.97634e-06
2.41391e-06
2.94835e-06
3.60112e-06
4.39842e-06
5.37225e-06
6.56168e-06
8.01445e-06
9.78887e-06
1.19561e-05
1.46033e-05
1.78365e-05
2.17855e-05
2.66089e-05
3.25001e-05
3.96957e-05
4.84845e-05
5.9219e-05
7.23302e-05
8.83442e-05
0.000107904
0.000131794
0.000160973
0.000196612
0.000240142
0.000293309
0.000358247
0.000437562
0.000534437
0.000652757
0.000797273
0.00097378
0.00118936
0.00145267
0.00177425
0.00216703
0.00264673
0.00323261
0.00394814
0.004822
0.00588922
0.00719252
0.00878409
0.0107276
0.0131008
0.0159984
0.0195362
0.0238551
0.0291271
0.0355615
0.0434136
0.0529936
0.064679
0.0789283
0.0962978
0.117461
0.143234
0.174598
0.212738
0.25907
0.315288
0.383403
0.465784
0.565207
0.684879
0.828467
1.00008
1.20422
1.44565
1.72922
2.05947
2.44016
2.87361
3.35979
3.89534
4.47244
5.07792
5.69262
6.29158
6.84511
7.3211
7.68834
7.92053
8
7.92053
7.68834
7.3211
6.84511
6.29158
5.69262
5.07792
4.47244
3.89534
3.35979
2.87361
2.44016
2.05947
1.72922
1.44565
1.20422
1.00008
0.828467
0.684879
0.565207
0.465784
0.383403
0.315288
0.25907
0.212738
0.174598
0.143234
0.117461
0.0962978
0.0789283
0.064679
0.0529936
0.0434136
0.0355615
0.0291271
0.0238551
0.0195362
0.0159984
0.0131008
0.0107276
0.00878409
0.00719252
0.00588922
0.004822
0.00394814
0.00323261
0.00264673
0.00216703
0.00177425
0.00145267
0.00118936
0.00097378
0.000797273
0.000652757
0.000534437
0.000437562
0.000358247
0.000293309
0.000240142
0.000196612
0.000160973
0.000131794
0.000107904
8.83442e-05
7.23302e-05
5.9219e-05
4.84845e-05
3.96957e-05
3.25001e-05
2.66089e-05
2.17855e-05
1.78365e-05
1.46033e-05
1.19561e-05
9.78887e-06
8.01445e-06
6.56168e-06
5.37225e-06
4.39842e-06
3.60112e-06
2.94835e-06
2.41391e-06
1.97634e-06
1.61809e-06
1.32478e-06
1.08464e-06
8.88027e-07
7.27055e-07
5.95262e-07
4.87359e-07
3.99016e-07
3.26687e-07
2.67468e-07
2.18985e-07
1.79289e-07
1.4679e-07
1.20181e-07
9.83962e-08
8.056e-08
6.59569e-08
5.4001e-08
4.42122e-08
3.61979e-08
2.96364e-08
2.42642e-08
1.98658e-08
1.62648e-08
1.33165e-08
1.09026e-08
8.9263e-09
7.30823e-09
5.98348e-09
4.89886e-09
4.01084e-09
3.2838e-09
2.68855e-09
2.2012e-09
1.80219e-09
1.47551e-09
1.20804e-09
9.89062e-10
8.09775e-10
6.62988e-10
5.42809e-10
4.44414e-10
3.63856e-10
2.979e-10
2.439e-10
1.99688e-10
1.63491e-10
1.33855e-10
1.09591e-10
8.97257e-11
7.34612e-11
6.01449e-11
4.92425e-11
4.03163e-11
3.30082e-11
2.70249e-11
2.21261e-11
1.81153e-11
1.48316e-11
1.21431e-11
9.94189e-12
8.13973e-12
6.66425e-12
5.45622e-12
4.46718e-12
3.65742e-12
2.99444e-12
2.45164e-12
2.00723e-12
1.64338e-12
1.34549e-12
1.10159e-12
9.01908e-13
7.3842e-13
6.04567e-13
4.94977e-13
4.05253e-13
3.31793e-13
2.71649e-13
2.22408e-13
1.82092e-13
1.49084e-13
1.2206e-13
9.99342e-14
8.18192e-14
6.69879e-14
5.48451e-14
4.49033e-14
3.67637e-14
3.00996e-14
2.46435e-14
2.01764e-14
1.6519e-14
1.35246e-14
1.1073e-14
9.06583e-15
7.42247e-15
6.07701e-15
4.97543e-15
4.07354e-15
3.33513e-15
2.73058e-15
2.23561e-15
1.83036e-15
1.49857e-15
1.22693e-15
1.00452e-15
8.22433e-16
6.73352e-16
5.51294e-16
4.51361e-16
3.69543e-16
3.02556e-16
2.47712e-16
2.0281e-16
1.66046e-16
1.35947e-16
1.11304e-16
9.11282e-17
7.46095e-17
6.10851e-17
5.00122e-17
4.09466e-17
3.35242e-17
2.74473e-17
2.24719e-17
1.83985e-17
1.50634e-17
1.23329e-17
1.00973e-17
8.26697e-18
6.76842e-18
5.54151e-18
4.53701e-18
3.71459e-18
3.04125e-18
2.48996e-18
2.03861e-18
1.66907e-18
1.36652e-18
1.11881e-18
9.16006e-19
7.49962e-19
6.14017e-19
5.02715e-19
4.11588e-19
3.3698e-19
2.75896e-19
2.25884e-19
1.84938e-19
1.51415e-19
1.23968e-19
1.01496e-19
8.30982e-20
6.8035e-20
5.57024e-20
4.56053e-20
3.73384e-20
3.05701e-20
2.50287e-20
2.04918e-20
1.67772e-20
1.3736e-20
1.12461e-20
9.20754e-21
7.5385e-21
6.172e-21
5.05321e-21
4.13721e-21
3.38727e-21
2.77326e-21
2.27055e-21
1.85897e-21
1.522e-21
1.24611e-21
1.02022e-21
8.35289e-22
6.83877e-22
5.59911e-22
4.58416e-22
3.7532e-22
3.07286e-22
2.51584e-22
2.0598e-22
1.68642e-22
1.38072e-22
1.13044e-22
9.25527e-23
7.57757e-23
6.20399e-23
5.0794e-23
4.15866e-23
3.40482e-23
2.78763e-23
2.28232e-23
1.86861e-23
1.52989e-23
1.25256e-23
1.02551e-23
8.39619e-24
6.87422e-24
5.62814e-24
4.60793e-24
3.77265e-24
3.08879e-24
2.52888e-24
2.07048e-24
1.69516e-24
1.38788e-24
1.1363e-24
9.30324e-25
7.61685e-25
6.23615e-25
5.10573e-25
4.18022e-25
3.42247e-25
2.80208e-25
2.29415e-25
1.87829e-25
1.53782e-25
1.25906e-25
1.03083e-25
8.43971e-26
6.90985e-26
5.65731e-26
4.63181e-26
3.79221e-26
3.1048e-26
2.54199e-26
2.08121e-26
1.70395e-26
1.39508e-26
1.14219e-26
9.35147e-27
7.65634e-27
6.26848e-27
5.13219e-27
4.20189e-27
3.44021e-27
2.81661e-27
2.30604e-27
1.88803e-27
1.54579e-27
1.26558e-27
1.03617e-27
8.48346e-28
6.94567e-28
5.68663e-28
4.65582e-28
3.81186e-28
3.12089e-28
2.55517e-28
2.092e-28
1.71278e-28
1.40231e-28
1.14811e-28
9.39994e-29
7.69602e-29
6.30097e-29
5.1588e-29
4.22367e-29
3.45805e-29
2.83121e-29
2.318e-29
1.89782e-29
1.5538e-29
1.27214e-29
1.04154e-29
8.52744e-30
6.98167e-30
5.71611e-30
4.67996e-30
3.83162e-30
3.13707e-30
2.56841e-30
2.10284e-30
1.72166e-30
1.40958e-30
1.15406e-30
9.44867e-31
7.73592e-31
6.33363e-31
5.18554e-31
4.24556e-31
3.47597e-31
2.84588e-31
2.33001e-31
1.90765e-31
1.56185e-31
1.27874e-31
1.04694e-31
8.57164e-32
7.01786e-32
5.74574e-32
4.70421e-32
3.85149e-32
3.15333e-32
2.58173e-32
2.11374e-32
1.73058e-32
1.41688e-32
1.16005e-32
9.49765e-33
7.77601e-33
6.36646e-33
5.21242e-33
4.26757e-33
3.49399e-33
2.86064e-33
2.34209e-33
1.91754e-33
1.56995e-33
1.28537e-33
1.05237e-33
8.61607e-34
7.05424e-34
5.77552e-34
4.7286e-34
3.87145e-34
3.16968e-34
2.59511e-34
2.1247e-34
1.73955e-34
1.42423e-34
1.16606e-34
9.54688e-35
7.81632e-35
6.39946e-35
5.23944e-35
4.28969e-35
3.5121e-35
2.87546e-35
2.35423e-35
1.92748e-35
1.57809e-35
1.29203e-35
1.05782e-35
8.66073e-36
7.09081e-36
5.80546e-36
4.75311e-36
3.89152e-36
3.18611e-36
2.60856e-36
2.13571e-36
1.74857e-36
1.43161e-36
1.1721e-36
9.59636e-37
7.85684e-37
6.43264e-37
5.2666e-37
4.31192e-37
3.53031e-37
2.89037e-37
2.36643e-37
1.93747e-37
1.58627e-37
1.29873e-37
1.06331e-37
8.70563e-38
7.12756e-38
5.83556e-38
4.77775e-38
3.91169e-38
3.20262e-38
2.62208e-38
2.14678e-38
1.75764e-38
1.43903e-38
1.17818e-38
9.64611e-39
7.89757e-39
6.46598e-39
5.2939e-39
4.33428e-39
3.5486e-39
2.90535e-39
2.3787e-39
1.94752e-39
1.59449e-39
1.30546e-39
1.06882e-39
8.75075e-40
7.16451e-40
5.8658e-40
4.80251e-40
3.93197e-40
3.21922e-40
2.63568e-40
2.15791e-40
1.76675e-40
1.44649e-40
1.18429e-40
9.69611e-41
7.9385e-41
6.4995e-41
5.32134e-41
4.35674e-41
3.567e-41
2.92041e-41
2.39103e-41
1.95761e-41
1.60276e-41
1.31223e-41
1.07436e-41
8.79611e-42
7.20165e-42
5.89621e-42
4.82741e-42
3.95235e-42
3.23591e-42
2.64934e-42
2.16909e-42
1.7759e-42
1.45399e-42
1.19042e-42
9.74637e-43
7.97965e-43
6.53319e-43
5.34892e-43
4.37933e-43
3.58549e-43
2.93555e-43
2.40343e-43
1.96776e-43
1.61106e-43
1.31903e-43
1.07993e-43
8.84171e-44
7.23898e-44
5.92677e-44
4.85243e-44
3.97284e-44
3.25268e-44
2.66307e-44
2.18034e-44
1.78511e-44
1.46152e-44
1.19659e-44
9.79689e-45
8.02102e-45
6.56705e-45
5.37665e-45
4.40203e-45
3.60407e-45
2.95077e-45
2.41588e-45
1.97796e-45
1.61942e-45
1.32587e-45
1.08553e-45
8.88754e-46
7.2765e-46
5.9575e-46
4.87758e-46
3.99343e-46
3.26954e-46
2.67688e-46
2.19164e-46
1.79436e-46
1.4691e-46
1.2028e-46
9.84767e-47
8.06259e-47
6.60109e-47
5.40452e-47
4.42485e-47
3.62276e-47
2.96606e-47
2.42841e-47
1.98821e-47
1.62781e-47
1.33274e-47
1.09115e-47
8.93361e-48
7.31422e-48
5.98838e-48
4.90287e-48
4.01413e-48
3.28649e-48
2.69075e-48
2.203e-48
1.80366e-48
1.47672e-48
1.20903e-48
9.89872e-49
8.10439e-49
6.63531e-49
5.43253e-49
4.44778e-49
3.64154e-49
2.98144e-49
2.44099e-49
1.99852e-49
1.63625e-49
1.33965e-49
1.09681e-49
8.97992e-50
7.35213e-50
6.01942e-50
4.92828e-50
4.03494e-50
3.30353e-50
2.7047e-50
2.21442e-50
1.81301e-50
1.48437e-50
1.2153e-50
9.95003e-51
8.1464e-51
6.66971e-51
5.46069e-51
4.47084e-51
3.66041e-51
2.99689e-51
2.45365e-51
2.00888e-51
1.64473e-51
1.34659e-51
1.10249e-51
9.02646e-52
7.39024e-52
6.05062e-52
4.95383e-52
4.05585e-52
3.32065e-52
2.71872e-52
2.2259e-52
1.82241e-52
1.49206e-52
1.2216e-52
1.00016e-52
8.18862e-53
6.70428e-53
5.489e-53
4.49401e-53
3.67939e-53
3.01243e-53
2.46637e-53
2.01929e-53
1.65325e-53
1.35357e-53
1.10821e-53
9.07325e-54
7.42855e-54
6.08198e-54
4.97951e-54
4.07688e-54
3.33786e-54
2.73281e-54
2.23744e-54
1.83186e-54
1.4998e-54
1.22793e-54
1.00535e-54
8.23107e-55
6.73903e-55
5.51745e-55
4.51731e-55
3.69846e-55
3.02804e-55
2.47915e-55
2.02976e-55
1.66182e-55
1.36059e-55
1.11395e-55
9.12029e-56
7.46706e-56
6.11351e-56
5.00532e-56
4.09801e-56
3.35517e-56
2.74698e-56
2.24903e-56
1.84135e-56
1.50757e-56
1.2343e-56
1.01056e-56
8.27374e-57
6.77396e-57
5.54605e-57
4.54072e-57
3.71763e-57
3.04374e-57
2.492e-57
2.04028e-57
1.67044e-57
1.36764e-57
1.11973e-57
9.16756e-58
7.50576e-58
6.1452e-58
5.03126e-58
4.11925e-58
3.37256e-58
2.76122e-58
2.26069e-58
1.8509e-58
1.51539e-58
1.24069e-58
1.01579e-58
8.31662e-59
6.80908e-59
5.5748e-59
4.56426e-59
3.7369e-59
3.05951e-59
2.50492e-59
2.05085e-59
1.6791e-59
1.37473e-59
1.12553e-59
9.21508e-60
7.54467e-60
6.17705e-60
5.05734e-60
4.1406e-60
3.39004e-60
2.77553e-60
2.27241e-60
1.86049e-60
1.52324e-60
1.24713e-60
1.02106e-60
8.35973e-61
6.84437e-61
5.6037e-61
4.58792e-61
3.75627e-61
3.07537e-61
2.5179e-61
2.06148e-61
1.6878e-61
1.38185e-61
1.13137e-61
9.26285e-62
7.58378e-62
6.20907e-62
5.08356e-62
4.16207e-62
3.40761e-62
2.78992e-62
2.28419e-62
1.87014e-62
1.53114e-62
1.25359e-62
1.02635e-62
8.40307e-63
6.87985e-63
5.63274e-63
4.6117e-63
3.77574e-63
3.09132e-63
2.53096e-63
2.07217e-63
1.69655e-63
1.38902e-63
1.13723e-63
9.31086e-64
7.62309e-64
6.24126e-64
5.10991e-64
4.18364e-64
3.42528e-64
2.80438e-64
2.29603e-64
1.87983e-64
1.53908e-64
1.26009e-64
1.03167e-64
8.44662e-65
6.91551e-65
5.66194e-65
4.63561e-65
3.79531e-65
3.10734e-65
2.54407e-65
2.08291e-65
1.70534e-65
1.39622e-65
1.14313e-65
9.35913e-66
7.66261e-66
6.27361e-66
5.1364e-66
4.20533e-66
3.44303e-66
2.81891e-66
2.30793e-66
1.88958e-66
1.54705e-66
1.26662e-66
1.03702e-66
8.49041e-67
6.95136e-67
5.69129e-67
4.65964e-67
3.81499e-67
3.12345e-67
2.55726e-67
2.09371e-67
1.71418e-67
1.40346e-67
1.14905e-67
9.40764e-68
7.70232e-68
6.30613e-68
5.16302e-68
4.22713e-68
3.46088e-68
2.83353e-68
2.3199e-68
1.89937e-68
1.55507e-68
1.27319e-68
1.0424e-68
8.53442e-69
6.98739e-69
5.72079e-69
4.68379e-69
3.83476e-69
3.13964e-69
2.57052e-69
2.10456e-69
1.72307e-69
1.41073e-69
1.15501e-69
9.45641e-70
7.74225e-70
6.33882e-70
5.18979e-70
4.24904e-70
3.47882e-70
2.84821e-70
2.33192e-70
1.90922e-70
1.56313e-70
1.27979e-70
1.0478e-70
8.57866e-71
7.02361e-71
5.75045e-71
4.70807e-71
3.85464e-71
3.15591e-71
2.58384e-71
2.11547e-71
1.732e-71
1.41804e-71
1.161e-71
9.50542e-72
7.78238e-72
6.37168e-72
5.21669e-72
4.27106e-72
3.49685e-72
2.86298e-72
2.34401e-72
1.91911e-72
1.57124e-72
1.28642e-72
1.05323e-72
8.62313e-73
7.06002e-73
5.78025e-73
4.73247e-73
3.87462e-73
3.17227e-73
2.59724e-73
2.12644e-73
1.74098e-73
1.42539e-73
1.16701e-73
9.5547e-74
7.82272e-74
6.4047e-74
5.24373e-74
4.2932e-74
3.51498e-74
2.87782e-74
2.35616e-74
1.92906e-74
1.57938e-74
1.29309e-74
1.05869e-74
8.66782e-75
7.09661e-75
5.81022e-75
4.757e-75
3.8947e-75
3.18871e-75
2.6107e-75
2.13746e-75
1.75e-75
1.43278e-75
1.17306e-75
9.60422e-76
7.86327e-76
6.4379e-76
5.27091e-76
4.31546e-76
3.5332e-76
2.89274e-76
2.36837e-76
1.93906e-76
1.58757e-76
1.29979e-76
1.06418e-76
8.71276e-77
7.1334e-77
5.84033e-77
4.78166e-77
3.91489e-77
3.20524e-77
2.62423e-77
2.14854e-77
1.75907e-77
1.44021e-77
1.17914e-77
9.65401e-78
7.90403e-78
6.47128e-78
5.29823e-78
4.33783e-78
3.55151e-78
2.90773e-78
2.38065e-78
1.94911e-78
1.5958e-78
1.30653e-78
1.06969e-78
8.75792e-79
7.17038e-79
5.87061e-79
4.80645e-79
3.93519e-79
3.22186e-79
2.63783e-79
2.15968e-79
1.76819e-79
1.44767e-79
1.18526e-79
9.70405e-80
7.945e-80
6.50482e-80
5.3257e-80
4.36031e-80
3.56992e-80
2.9228e-80
2.39299e-80
1.95921e-80
1.60407e-80
1.3133e-80
1.07524e-80
8.80332e-81
7.20755e-81
5.90104e-81
4.83136e-81
3.95558e-81
3.23856e-81
2.65151e-81
2.17087e-81
1.77736e-81
1.45518e-81
1.1914e-81
9.75435e-82
7.98619e-82
6.53854e-82
5.3533e-82
4.38291e-82
3.58843e-82
2.93795e-82
2.40539e-82
1.96937e-82
1.61238e-82
1.32011e-82
1.08081e-82
8.84895e-83
7.24491e-83
5.93163e-83
4.85641e-83
3.97609e-83
3.25535e-83
2.66525e-83
2.18212e-83
1.78657e-83
1.46272e-83
1.19757e-83
9.80491e-84
8.02758e-84
6.57243e-84
5.38105e-84
4.40563e-84
3.60703e-84
2.95318e-84
2.41786e-84
1.97958e-84
1.62074e-84
1.32695e-84
1.08642e-84
8.89482e-85
7.28246e-85
5.96237e-85
4.88158e-85
3.9967e-85
3.27222e-85
2.67907e-85
2.19343e-85
1.79583e-85
1.4703e-85
1.20378e-85
9.85574e-86
8.0692e-86
6.6065e-86
5.40894e-86
4.42847e-86
3.62572e-86
2.96849e-86
2.4304e-86
1.98984e-86
1.62914e-86
1.33383e-86
1.09205e-86
8.94092e-87
7.32021e-87
5.99328e-87
4.90688e-87
4.01742e-87
3.28918e-87
2.69295e-87
2.2048e-87
1.80514e-87
1.47792e-87
1.21002e-87
9.90683e-88
8.11102e-88
6.64074e-88
5.43698e-88
4.45142e-88
3.64452e-88
2.98388e-88
2.44299e-88
2.00015e-88
1.63759e-88
1.34074e-88
1.09771e-88
8.98727e-89
7.35815e-89
6.02435e-89
4.93232e-89
4.03824e-89
3.30623e-89
2.70691e-89
2.21623e-89
1.8145e-89
1.48559e-89
1.21629e-89
9.95818e-90
8.15307e-90
6.67517e-90
5.46516e-90
4.4745e-90
3.66341e-90
2.99935e-90
2.45566e-90
2.01052e-90
1.64608e-90
1.34769e-90
1.1034e-90
9.03386e-91
7.3963e-91
6.05558e-91
4.95789e-91
4.05917e-91
3.32337e-91
2.72095e-91
2.22772e-91
1.8239e-91
1.49329e-91
1.2226e-91
1.00098e-91
8.19533e-92
6.70977e-92
5.49349e-92
4.49769e-92
3.6824e-92
3.01489e-92
2.46839e-92
2.02094e-92
1.65461e-92
1.35468e-92
1.10912e-92
9.08068e-93
7.43464e-93
6.08696e-93
4.98359e-93
4.08021e-93
3.3406e-93
2.73505e-93
2.23927e-93
1.83336e-93
1.50103e-93
1.22894e-93
1.00617e-93
8.23781e-94
6.74455e-94
5.52197e-94
4.52101e-94
3.70149e-94
3.03052e-94
2.48118e-94
2.03142e-94
1.66319e-94
1.3617e-94
1.11487e-94
9.12775e-95
7.47317e-95
6.11852e-95
5.00942e-95
4.10136e-95
3.35791e-95
2.74923e-95
2.25088e-95
1.84286e-95
1.50881e-95
1.23531e-95
1.01138e-95
8.28051e-96
6.77951e-96
5.55059e-96
4.54444e-96
3.72067e-96
3.04623e-96
2.49404e-96
2.04195e-96
1.67181e-96
1.36876e-96
1.12065e-96
9.17507e-97
7.51191e-97
6.15023e-97
5.03538e-97
4.12262e-97
3.37532e-97
2.76348e-97
2.26254e-97
1.85241e-97
1.51663e-97
1.24171e-97
1.01663e-97
8.32343e-98
6.81465e-98
5.57937e-98
4.568e-98
3.73996e-98
3.06202e-98
2.50697e-98
2.05253e-98
1.68047e-98
1.37585e-98
1.12645e-98
9.22263e-99
7.55085e-99
6.18211e-99
5.06149e-99
4.14399e-99
3.39282e-99
2.7778e-99
2.27427e-99
1.86202e-99
1.52449e-99
1.24815e-99
1.0219e-99
8.36658e-100
6.84998e-100
5.60829e-100
4.59168e-100
3.75935e-100
3.07789e-100
2.51997e-100
2.06317e-100
1.68918e-100
1.38299e-100
1.13229e-100
9.27043e-101
7.58999e-101
6.21416e-101
5.08772e-101
4.16547e-101
3.4104e-101
2.7922e-101
2.28606e-101
1.87167e-101
1.53239e-101
1.25462e-101
1.02719e-101
8.40995e-102
6.88548e-102
5.63736e-102
4.61548e-102
3.77883e-102
3.09385e-102
2.53303e-102
2.07387e-102
1.69794e-102
1.39016e-102
1.13816e-102
9.31849e-103
7.62933e-103
6.24637e-103
5.1141e-103
4.18707e-103
3.42808e-103
2.80667e-103
2.29791e-103
1.88137e-103
1.54034e-103
1.26112e-103
1.03252e-103
8.45354e-104
6.92118e-104
5.66658e-104
4.6394e-104
3.79842e-104
3.10988e-104
2.54616e-104
2.08462e-104
1.70674e-104
1.39736e-104
1.14406e-104
9.36679e-105
7.66888e-105
6.27875e-105
5.1406e-105
4.20877e-105
3.44585e-105
2.82122e-105
2.30982e-105
1.89112e-105
1.54832e-105
1.26766e-105
1.03787e-105
8.49736e-106
6.95705e-106
5.69595e-106
4.66345e-106
3.81811e-106
3.126e-106
2.55936e-106
2.09542e-106
1.71559e-106
1.4046e-106
1.14999e-106
9.41535e-107
7.70863e-107
6.31129e-107
5.16725e-107
4.23059e-107
3.46371e-107
2.83585e-107
2.3218e-107
1.90093e-107
1.55635e-107
1.27423e-107
1.04325e-107
8.54141e-108
6.99311e-108
5.72548e-108
4.68762e-108
3.8379e-108
3.14221e-108
2.57262e-108
2.10629e-108
1.72448e-108
1.41189e-108
1.15595e-108
9.46415e-109
7.74859e-109
6.34401e-109
5.19404e-109
4.25252e-109
3.48167e-109
2.85055e-109
2.33383e-109
1.91078e-109
1.56441e-109
1.28083e-109
1.04866e-109
8.58568e-110
7.02936e-110
5.75516e-110
4.71192e-110
3.8578e-110
3.1585e-110
2.58596e-110
2.1172e-110
1.73342e-110
1.4192e-110
1.16195e-110
9.51321e-111
7.78876e-111
6.37689e-111
5.22096e-111
4.27456e-111
3.49971e-111
2.86532e-111
2.34593e-111
1.92068e-111
1.57252e-111
1.28747e-111
1.05409e-111
8.63019e-112
7.0658e-112
5.78499e-112
4.73635e-112
3.87779e-112
3.17487e-112
2.59936e-112
2.12818e-112
1.7424e-112
1.42656e-112
1.16797e-112
9.56252e-113
7.82913e-113
6.40995e-113
5.24802e-113
4.29672e-113
3.51785e-113
2.88018e-113
2.35809e-113
1.93064e-113
1.58067e-113
1.29415e-113
1.05956e-113
8.67492e-114
7.10243e-114
5.81498e-114
4.7609e-114
3.89789e-114
3.19133e-114
2.61284e-114
2.13921e-114
1.75144e-114
1.43396e-114
1.17402e-114
9.61209e-115
7.86971e-115
6.44318e-115
5.27523e-115
4.31899e-115
3.53609e-115
2.89511e-115
2.37031e-115
1.94065e-115
1.58887e-115
1.30085e-115
1.06505e-115
8.71989e-116
7.13924e-116
5.84512e-116
4.78558e-116
3.9181e-116
3.20787e-116
2.62638e-116
2.1503e-116
1.76052e-116
1.44139e-116
1.18011e-116
9.66191e-117
7.91051e-117
6.47657e-117
5.30257e-117
4.34138e-117
3.55442e-117
2.91011e-117
2.3826e-117
1.95071e-117
1.5971e-117
1.3076e-117
1.07057e-117
8.76509e-118
7.17625e-118
5.87542e-118
4.81038e-118
3.93841e-118
3.2245e-118
2.63999e-118
2.16144e-118
1.76964e-118
1.44886e-118
1.18623e-118
9.712e-119
7.95151e-119
6.51015e-119
5.33006e-119
4.36388e-119
3.57284e-119
2.9252e-119
2.39495e-119
1.96082e-119
1.60538e-119
1.31438e-119
1.07612e-119
8.81053e-120
7.21345e-120
5.90587e-120
4.83532e-120
3.95882e-120
3.24121e-120
2.65368e-120
2.17265e-120
1.77881e-120
1.45637e-120
1.19237e-120
9.76234e-121
7.99273e-121
6.54389e-121
5.35769e-121
4.3865e-121
3.59136e-121
2.94036e-121
2.40736e-121
1.97098e-121
1.6137e-121
1.32119e-121
1.0817e-121
8.8562e-122
7.25084e-122
5.93649e-122
4.86038e-122
3.97935e-122
3.25801e-122
2.66743e-122
2.18391e-122
1.78803e-122
1.46392e-122
1.19856e-122
9.81294e-123
8.03416e-123
6.57781e-123
5.38546e-123
4.40924e-123
3.60998e-123
2.9556e-123
2.41984e-123
1.9812e-123
1.62207e-123
1.32804e-123
1.08731e-123
8.9021e-124
7.28842e-124
5.96726e-124
4.88558e-124
3.99997e-124
3.2749e-124
2.68126e-124
2.19523e-124
1.7973e-124
1.47151e-124
1.20477e-124
9.86381e-125
8.0758e-125
6.61191e-125
5.41337e-125
4.4321e-125
3.62869e-125
2.97092e-125
2.43239e-125
1.99147e-125
1.63048e-125
1.33492e-125
1.09294e-125
8.94825e-126
7.3262e-126
5.99819e-126
4.9109e-126
4.02071e-126
3.29188e-126
2.69516e-126
2.20661e-126
1.80662e-126
1.47914e-126
1.21101e-126
9.91494e-127
8.11767e-127
6.64618e-127
5.44143e-127
4.45507e-127
3.6475e-127
2.98632e-127
2.44499e-127
2.00179e-127
1.63893e-127
1.34184e-127
1.09861e-127
8.99463e-128
7.36418e-128
6.02928e-128
4.93636e-128
4.04155e-128
3.30894e-128
2.70913e-128
2.21805e-128
1.81598e-128
1.4868e-128
1.21729e-128
9.96633e-129
8.15974e-129
6.68063e-129
5.46964e-129
4.47816e-129
3.66641e-129
3.0018e-129
2.45767e-129
2.01217e-129
1.64742e-129
1.3488e-129
1.1043e-129
9.04125e-130
7.40235e-130
6.06053e-130
4.96195e-130
4.0625e-130
3.32609e-130
2.72317e-130
2.22955e-130
1.8254e-130
1.49451e-130
1.2236e-130
1.0018e-130
8.20204e-131
6.71526e-131
5.49799e-131
4.50138e-131
3.68541e-131
3.01736e-131
2.47041e-131
2.0226e-131
1.65596e-131
1.35579e-131
1.11003e-131
9.08812e-132
7.44072e-132
6.09195e-132
4.98767e-132
4.08356e-132
3.34333e-132
2.73729e-132
2.2411e-132
1.83486e-132
1.50226e-132
1.22994e-132
1.00699e-132
8.24456e-133
6.75007e-133
5.52649e-133
4.52471e-133
3.70452e-133
3.033e-133
2.48321e-133
2.03308e-133
1.66455e-133
1.36282e-133
1.11578e-133
9.13523e-134
7.47929e-134
6.12353e-134
5.01352e-134
4.10472e-134
3.36066e-134
2.75148e-134
2.25272e-134
1.84437e-134
1.51004e-134
1.23632e-134
1.01221e-134
8.28729e-135
6.78506e-135
5.55514e-135
4.54816e-135
3.72372e-135
3.04872e-135
2.49608e-135
2.04362e-135
1.67318e-135
1.36988e-135
1.12156e-135
9.18258e-136
7.51806e-136
6.15527e-136
5.03951e-136
4.126e-136
3.37808e-136
2.76574e-136
2.2644e-136
1.85393e-136
1.51787e-136
1.24273e-136
1.01746e-136
8.33025e-137
6.82023e-137
5.58393e-137
4.57174e-137
3.74302e-137
3.06453e-137
2.50902e-137
2.05421e-137
1.68185e-137
1.37698e-137
1.12738e-137
9.23018e-138
7.55703e-138
6.18718e-138
5.06563e-138
4.14739e-138
3.39559e-138
2.78008e-138
2.27613e-138
1.86354e-138
1.52574e-138
1.24917e-138
1.02273e-138
8.37343e-139
6.85559e-139
5.61288e-139
4.59544e-139
3.76243e-139
3.08041e-139
2.52203e-139
2.06486e-139
1.69057e-139
1.38412e-139
1.13322e-139
9.27803e-140
7.59621e-140
6.21925e-140
5.09189e-140
4.16889e-140
3.4132e-140
2.79449e-140
2.28793e-140
1.8732e-140
1.53365e-140
1.25564e-140
1.02803e-140
8.41684e-141
6.89112e-141
5.64197e-141
4.61926e-141
3.78193e-141
3.09638e-141
2.5351e-141
2.07557e-141
1.69933e-141
1.39129e-141
1.13909e-141
9.32612e-142
7.63558e-142
6.25149e-142
5.11828e-142
4.1905e-142
3.43089e-142
2.80897e-142
2.29979e-142
1.88291e-142
1.5416e-142
1.26215e-142
1.03336e-142
8.46047e-143
6.92684e-143
5.67122e-143
4.6432e-143
3.80153e-143
3.11243e-143
2.54824e-143
2.08633e-143
1.70814e-143
1.39851e-143
1.145e-143
9.37446e-144
7.67516e-144
6.28389e-144
5.14481e-144
4.21222e-144
3.44867e-144
2.82353e-144
2.31171e-144
1.89267e-144
1.54959e-144
1.2687e-144
1.03872e-144
8.50432e-145
6.96275e-145
5.70062e-145
4.66727e-145
3.82124e-145
3.12856e-145
2.56145e-145
2.09714e-145
1.71699e-145
1.40575e-145
1.15093e-145
9.42306e-146
7.71495e-146
6.31646e-146
5.17148e-146
4.23405e-146
3.46655e-146
2.83817e-146
2.3237e-146
1.90248e-146
1.55762e-146
1.27527e-146
1.0441e-146
8.5484e-147
6.99884e-147
5.73017e-147
4.69146e-147
3.84105e-147
3.14478e-147
2.57473e-147
2.10801e-147
1.72589e-147
1.41304e-147
1.1569e-147
9.4719e-148
7.75494e-148
6.34921e-148
5.19829e-148
4.256e-148
3.48452e-148
2.85288e-148
2.33574e-148
1.91234e-148
1.56569e-148
1.28188e-148
1.04952e-148
8.59272e-149
7.03512e-149
5.75987e-149
4.71578e-149
3.86096e-149
3.16108e-149
2.58808e-149
2.11894e-149
1.73484e-149
1.42037e-149
1.1629e-149
9.521e-150
7.79514e-150
6.38212e-150
5.22524e-150
4.27806e-150
3.50258e-150
2.86767e-150
2.34785e-150
1.92226e-150
1.57381e-150
1.28853e-150
1.05496e-150
8.63726e-151
7.07159e-151
5.78973e-151
4.74023e-151
3.88097e-151
3.17747e-151
2.60149e-151
2.12992e-151
1.74383e-151
1.42773e-151
1.16893e-151
9.57035e-152
7.83554e-152
6.4152e-152
5.25232e-152
4.30024e-152
3.52074e-152
2.88253e-152
2.36002e-152
1.93222e-152
1.58197e-152
1.29521e-152
1.06043e-152
8.68203e-153
7.10824e-153
5.81974e-153
4.7648e-153
3.90109e-153
3.19394e-153
2.61498e-153
2.14096e-153
1.75287e-153
1.43513e-153
1.17498e-153
9.61996e-154
7.87616e-154
6.44845e-154
5.27955e-154
4.32253e-154
3.53899e-154
2.89748e-154
2.37225e-154
1.94224e-154
1.59017e-154
1.30192e-154
1.06592e-154
8.72703e-155
7.14509e-155
5.8499e-155
4.7895e-155
3.92131e-155
3.2105e-155
2.62853e-155
2.15206e-155
1.76196e-155
1.44257e-155
